15.0001	1933.0
15.0206	1973.0
15.0411	1915.0
15.0615	1992.0
15.0820	1971.0
15.1025	1877.0
15.1230	1911.0
15.1435	1873.0
15.1640	1918.0
15.1844	1923.0
15.2049	1840.0
15.2254	1925.0
15.2459	1842.0
15.2664	1923.0
15.2868	1949.0
15.3073	1912.0
15.3278	1825.0
15.3483	1823.0
15.3688	1910.0
15.3892	1872.0
15.4097	1857.0
15.4302	1955.0
15.4507	1860.0
15.4712	1819.0
15.4917	1821.0
15.5121	1823.0
15.5326	1882.0
15.5531	1860.0
15.5736	1886.0
15.5941	1726.0
15.6145	1802.0
15.6350	1872.0
15.6555	1802.0
15.6760	1860.0
15.6965	1755.0
15.7170	1827.0
15.7374	1792.0
15.7579	1830.0
15.7784	1787.0
15.7989	1829.0
15.8194	1770.0
15.8398	1788.0
15.8603	1814.0
15.8808	1863.0
15.9013	1767.0
15.9218	1843.0
15.9423	1698.0
15.9627	1759.0
15.9832	1686.0
16.0037	1708.0
16.0242	1805.0
16.0447	1873.0
16.0651	1758.0
16.0856	1687.0
16.1061	1801.0
16.1266	1741.0
16.1471	1797.0
16.1675	1719.0
16.1880	1732.0
16.2085	1758.0
16.2290	1719.0
16.2495	1720.0
16.2700	1780.0
16.2904	1677.0
16.3109	1753.0
16.3314	1730.0
16.3519	1721.0
16.3724	1690.0
16.3928	1725.0
16.4133	1664.0
16.4338	1719.0
16.4543	1699.0
16.4748	1763.0
16.4953	1781.0
16.5157	1895.0
16.5362	2003.0
16.5567	2234.0
16.5772	2555.0
16.5977	2772.0
16.6181	2551.0
16.6386	2300.0
16.6591	1970.0
16.6796	1670.0
16.7001	1759.0
16.7205	1614.0
16.7410	1607.0
16.7615	1636.0
16.7820	1614.0
16.8025	1698.0
16.8230	1674.0
16.8434	1622.0
16.8639	1639.0
16.8844	1637.0
16.9049	1643.0
16.9254	1616.0
16.9458	1563.0
16.9663	1630.0
16.9868	1551.0
17.0073	1590.0
17.0278	1479.0
17.0483	1563.0
17.0687	1573.0
17.0892	1548.0
17.1097	1562.0
17.1302	1588.0
17.1507	1575.0
17.1711	1597.0
17.1916	1524.0
17.2121	1488.0
17.2326	1535.0
17.2531	1575.0
17.2736	1503.0
17.2940	1554.0
17.3145	1568.0
17.3350	1592.0
17.3555	1483.0
17.3760	1428.0
17.3964	1516.0
17.4169	1483.0
17.4374	1548.0
17.4579	1445.0
17.4784	1568.0
17.4988	1526.0
17.5193	1525.0
17.5398	1497.0
17.5603	1546.0
17.5808	1493.0
17.6013	1469.0
17.6217	1471.0
17.6422	1475.0
17.6627	1425.0
17.6832	1475.0
17.7037	1412.0
17.7241	1516.0
17.7446	1428.0
17.7651	1436.0
17.7856	1542.0
17.8061	1483.0
17.8266	1435.0
17.8470	1446.0
17.8675	1453.0
17.8880	1455.0
17.9085	1376.0
17.9290	1465.0
17.9494	1461.0
17.9699	1465.0
17.9904	1424.0
18.0109	1374.0
18.0314	1453.0
18.0519	1410.0
18.0723	1385.0
18.0928	1461.0
18.1133	1370.0
18.1338	1418.0
18.1543	1423.0
18.1747	1452.0
18.1952	1455.0
18.2157	1438.0
18.2362	1339.0
18.2567	1360.0
18.2771	1465.0
18.2976	1380.0
18.3181	1287.0
18.3386	1391.0
18.3591	1365.0
18.3796	1418.0
18.4000	1401.0
18.4205	1348.0
18.4410	1373.0
18.4615	1340.0
18.4820	1352.0
18.5024	1397.0
18.5229	1374.0
18.5434	1421.0
18.5639	1421.0
18.5844	1373.0
18.6049	1385.0
18.6253	1491.0
18.6458	1329.0
18.6663	1344.0
18.6868	1416.0
18.7073	1442.0
18.7277	1416.0
18.7482	1393.0
18.7687	1441.0
18.7892	1381.0
18.8097	1377.0
18.8301	1359.0
18.8506	1399.0
18.8711	1380.0
18.8916	1429.0
18.9121	1419.0
18.9326	1410.0
18.9530	1513.0
18.9735	1395.0
18.9940	1406.0
19.0145	1504.0
19.0350	1522.0
19.0554	1513.0
19.0759	1637.0
19.0964	1675.0
19.1169	1882.0
19.1374	2119.0
19.1579	2624.0
19.1783	3534.0
19.1988	4982.0
19.2193	5908.0
19.2398	8372.0
19.2603	10374.0
19.2807	8101.0
19.3012	6425.0
19.3217	4771.0
19.3422	3003.0
19.3627	2131.0
19.3832	1801.0
19.4036	1607.0
19.4241	1483.0
19.4446	1446.0
19.4651	1448.0
19.4856	1416.0
19.5060	1389.0
19.5265	1357.0
19.5470	1365.0
19.5675	1431.0
19.5880	1402.0
19.6084	1318.0
19.6289	1283.0
19.6494	1300.0
19.6699	1257.0
19.6904	1226.0
19.7109	1190.0
19.7313	1247.0
19.7518	1258.0
19.7723	1263.0
19.7928	1215.0
19.8133	1224.0
19.8337	1135.0
19.8542	1301.0
19.8747	1287.0
19.8952	1257.0
19.9157	1213.0
19.9362	1283.0
19.9566	1298.0
19.9771	1187.0
19.9976	1217.0
20.0181	1198.0
20.0386	1144.0
20.0590	1241.0
20.0795	1236.0
20.1000	1253.0
20.1205	1205.0
20.1410	1200.0
20.1614	1212.0
20.1819	1250.0
20.2024	1179.0
20.2229	1169.0
20.2434	1229.0
20.2639	1080.0
20.2843	1162.0
20.3048	1257.0
20.3253	1191.0
20.3458	1164.0
20.3663	1156.0
20.3867	1192.0
20.4072	1154.0
20.4277	1153.0
20.4482	1156.0
20.4687	1073.0
20.4892	1090.0
20.5096	1126.0
20.5301	1102.0
20.5506	1135.0
20.5711	1127.0
20.5916	1068.0
20.6120	1077.0
20.6325	1153.0
20.6530	1110.0
20.6735	1173.0
20.6940	1152.0
20.7145	1116.0
20.7349	1123.0
20.7554	1140.0
20.7759	1157.0
20.7964	1143.0
20.8169	1099.0
20.8373	1103.0
20.8578	1134.0
20.8783	1118.0
20.8988	1106.0
20.9193	1131.0
20.9397	1119.0
20.9602	1068.0
20.9807	1052.0
21.0012	1079.0
21.0217	1081.0
21.0422	1096.0
21.0626	1080.0
21.0831	1014.0
21.1036	1147.0
21.1241	1099.0
21.1446	1127.0
21.1650	1103.0
21.1855	1139.0
21.2060	1134.0
21.2265	1080.0
21.2470	1048.0
21.2675	1130.0
21.2879	1111.0
21.3084	1110.0
21.3289	1035.0
21.3494	1101.0
21.3699	1050.0
21.3903	1050.0
21.4108	1024.0
21.4313	1010.0
21.4518	1018.0
21.4723	1022.0
21.4928	1005.0
21.5132	1020.0
21.5337	1008.0
21.5542	1072.0
21.5747	1050.0
21.5952	1016.0
21.6156	1027.0
21.6361	980.0
21.6566	1080.0
21.6771	1037.0
21.6976	1001.0
21.7180	1109.0
21.7385	1000.0
21.7590	1054.0
21.7795	1060.0
21.8000	1007.0
21.8205	1073.0
21.8409	1007.0
21.8614	914.0
21.8819	979.0
21.9024	1039.0
21.9229	974.0
21.9433	997.0
21.9638	932.0
21.9843	958.0
22.0048	1001.0
22.0253	1016.0
22.0458	966.0
22.0662	940.0
22.0867	993.0
22.1072	928.0
22.1277	975.0
22.1482	1020.0
22.1686	1003.0
22.1891	1016.0
22.2096	984.0
22.2301	1022.0
22.2506	974.0
22.2710	916.0
22.2915	976.0
22.3120	952.0
22.3325	984.0
22.3530	1024.0
22.3735	946.0
22.3939	961.0
22.4144	941.0
22.4349	997.0
22.4554	1018.0
22.4759	976.0
22.4963	916.0
22.5168	925.0
22.5373	1001.0
22.5578	932.0
22.5783	988.0
22.5988	1005.0
22.6192	965.0
22.6397	986.0
22.6602	988.0
22.6807	933.0
22.7012	938.0
22.7216	929.0
22.7421	952.0
22.7626	942.0
22.7831	987.0
22.8036	952.0
22.8241	982.0
22.8445	911.0
22.8650	861.0
22.8855	927.0
22.9060	927.0
22.9265	906.0
22.9469	895.0
22.9674	982.0
22.9879	969.0
23.0084	921.0
23.0289	953.0
23.0493	918.0
23.0698	904.0
23.0903	944.0
23.1108	954.0
23.1313	890.0
23.1518	944.0
23.1722	963.0
23.1927	869.0
23.2132	925.0
23.2337	855.0
23.2542	847.0
23.2746	925.0
23.2951	857.0
23.3156	923.0
23.3361	957.0
23.3566	851.0
23.3771	904.0
23.3975	881.0
23.4180	898.0
23.4385	921.0
23.4590	874.0
23.4795	851.0
23.4999	899.0
23.5204	894.0
23.5409	919.0
23.5614	885.0
23.5819	970.0
23.6023	847.0
23.6228	843.0
23.6433	880.0
23.6638	835.0
23.6843	916.0
23.7048	914.0
23.7252	872.0
23.7457	859.0
23.7662	915.0
23.7867	851.0
23.8072	852.0
23.8276	914.0
23.8481	814.0
23.8686	881.0
23.8891	872.0
23.9096	818.0
23.9301	874.0
23.9505	785.0
23.9710	840.0
23.9915	840.0
24.0120	831.0
24.0325	924.0
24.0529	920.0
24.0734	849.0
24.0939	887.0
24.1144	891.0
24.1349	903.0
24.1554	853.0
24.1758	865.0
24.1963	861.0
24.2168	846.0
24.2373	967.0
24.2578	869.0
24.2782	908.0
24.2987	984.0
24.3192	949.0
24.3397	924.0
24.3602	899.0
24.3806	877.0
24.4011	864.0
24.4216	801.0
24.4421	797.0
24.4626	844.0
24.4831	810.0
24.5035	880.0
24.5240	801.0
24.5445	844.0
24.5650	800.0
24.5855	822.0
24.6059	860.0
24.6264	797.0
24.6469	821.0
24.6674	868.0
24.6879	825.0
24.7084	832.0
24.7288	853.0
24.7493	805.0
24.7698	800.0
24.7903	772.0
24.8108	817.0
24.8312	800.0
24.8517	822.0
24.8722	817.0
24.8927	864.0
24.9132	792.0
24.9336	843.0
24.9541	754.0
24.9746	758.0
24.9951	838.0
25.0156	787.0
25.0361	813.0
25.0565	815.0
25.0770	770.0
25.0975	817.0
25.1180	813.0
25.1385	801.0
25.1589	821.0
25.1794	846.0
25.1999	864.0
25.2204	804.0
25.2409	819.0
25.2614	894.0
25.2818	872.0
25.3023	887.0
25.3228	886.0
25.3433	945.0
25.3638	1008.0
25.3842	1092.0
25.4047	1215.0
25.4252	1325.0
25.4457	1654.0
25.4662	2213.0
25.4867	3306.0
25.5071	5641.0
25.5276	7069.0
25.5481	5136.0
25.5686	4077.0
25.5891	4077.0
25.6095	2957.0
25.6300	1801.0
25.6505	1259.0
25.6710	1120.0
25.6915	995.0
25.7119	880.0
25.7324	897.0
25.7529	835.0
25.7734	894.0
25.7939	819.0
25.8144	838.0
25.8348	819.0
25.8553	758.0
25.8758	808.0
25.8963	772.0
25.9168	753.0
25.9372	781.0
25.9577	726.0
25.9782	783.0
25.9987	766.0
26.0192	725.0
26.0397	777.0
26.0601	725.0
26.0806	777.0
26.1011	705.0
26.1216	747.0
26.1421	740.0
26.1625	796.0
26.1830	760.0
26.2035	709.0
26.2240	717.0
26.2445	709.0
26.2650	700.0
26.2854	725.0
26.3059	766.0
26.3264	733.0
26.3469	725.0
26.3674	699.0
26.3878	715.0
26.4083	758.0
26.4288	704.0
26.4493	709.0
26.4698	644.0
26.4902	720.0
26.5107	743.0
26.5312	736.0
26.5517	726.0
26.5722	724.0
26.5927	762.0
26.6131	750.0
26.6336	702.0
26.6541	747.0
26.6746	720.0
26.6951	774.0
26.7155	742.0
26.7360	842.0
26.7565	789.0
26.7770	887.0
26.7975	991.0
26.8180	1144.0
26.8384	1293.0
26.8589	1114.0
26.8794	974.0
26.8999	992.0
26.9204	876.0
26.9408	762.0
26.9613	734.0
26.9818	716.0
27.0023	683.0
27.0228	673.0
27.0432	666.0
27.0637	733.0
27.0842	696.0
27.1047	708.0
27.1252	670.0
27.1457	703.0
27.1661	720.0
27.1866	692.0
27.2071	685.0
27.2276	671.0
27.2481	675.0
27.2685	674.0
27.2890	609.0
27.3095	641.0
27.3300	661.0
27.3505	651.0
27.3710	690.0
27.3914	704.0
27.4119	685.0
27.4324	677.0
27.4529	645.0
27.4734	661.0
27.4938	669.0
27.5143	652.0
27.5348	665.0
27.5553	694.0
27.5758	674.0
27.5963	664.0
27.6167	678.0
27.6372	669.0
27.6577	682.0
27.6782	607.0
27.6987	719.0
27.7191	649.0
27.7396	687.0
27.7601	586.0
27.7806	712.0
27.8011	654.0
27.8215	670.0
27.8420	639.0
27.8625	713.0
27.8830	620.0
27.9035	671.0
27.9240	666.0
27.9444	640.0
27.9649	624.0
27.9854	637.0
28.0059	669.0
28.0264	609.0
28.0468	607.0
28.0673	679.0
28.0878	709.0
28.1083	690.0
28.1288	634.0
28.1493	695.0
28.1697	639.0
28.1902	664.0
28.2107	669.0
28.2312	644.0
28.2517	668.0
28.2721	639.0
28.2926	688.0
28.3131	641.0
28.3336	685.0
28.3541	613.0
28.3745	679.0
28.3950	588.0
28.4155	597.0
28.4360	605.0
28.4565	616.0
28.4770	670.0
28.4974	611.0
28.5179	624.0
28.5384	624.0
28.5589	623.0
28.5794	592.0
28.5998	657.0
28.6203	605.0
28.6408	618.0
28.6613	597.0
28.6818	640.0
28.7023	624.0
28.7227	649.0
28.7432	610.0
28.7637	643.0
28.7842	619.0
28.8047	658.0
28.8251	577.0
28.8456	620.0
28.8661	622.0
28.8866	619.0
28.9071	623.0
28.9276	567.0
28.9480	639.0
28.9685	581.0
28.9890	562.0
29.0095	609.0
29.0300	616.0
29.0504	634.0
29.0709	602.0
29.0914	620.0
29.1119	624.0
29.1324	622.0
29.1528	662.0
29.1733	593.0
29.1938	576.0
29.2143	576.0
29.2348	626.0
29.2553	588.0
29.2757	606.0
29.2962	571.0
29.3167	607.0
29.3372	575.0
29.3577	603.0
29.3781	657.0
29.3986	603.0
29.4191	597.0
29.4396	539.0
29.4601	577.0
29.4806	590.0
29.5010	588.0
29.5215	571.0
29.5420	585.0
29.5625	579.0
29.5830	614.0
29.6034	630.0
29.6239	550.0
29.6444	609.0
29.6649	634.0
29.6854	601.0
29.7058	597.0
29.7263	605.0
29.7468	596.0
29.7673	563.0
29.7878	567.0
29.8083	639.0
29.8287	609.0
29.8492	628.0
29.8697	589.0
29.8902	613.0
29.9107	563.0
29.9311	556.0
29.9516	572.0
29.9721	643.0
29.9926	603.0
30.0131	581.0
30.0336	572.0
30.0540	611.0
30.0745	615.0
30.0950	607.0
30.1155	635.0
30.1360	628.0
30.1564	661.0
30.1769	675.0
30.1974	685.0
30.2179	861.0
30.2384	1062.0
30.2589	1521.0
30.2793	1425.0
30.2998	1128.0
30.3203	1055.0
30.3408	1115.0
30.3613	966.0
30.3817	787.0
30.4022	654.0
30.4227	669.0
30.4432	662.0
30.4637	572.0
30.4841	611.0
30.5046	602.0
30.5251	613.0
30.5456	597.0
30.5661	618.0
30.5866	599.0
30.6070	614.0
30.6275	674.0
30.6480	712.0
30.6685	671.0
30.6890	696.0
30.7094	716.0
30.7299	838.0
30.7504	993.0
30.7709	1126.0
30.7914	1542.0
30.8119	2230.0
30.8323	3364.0
30.8528	3601.0
30.8733	2853.0
30.8938	2414.0
30.9143	2440.0
30.9347	2259.0
30.9552	1645.0
30.9757	1162.0
30.9962	979.0
31.0167	889.0
31.0372	843.0
31.0576	738.0
31.0781	763.0
31.0986	651.0
31.1191	668.0
31.1396	656.0
31.1600	664.0
31.1805	605.0
31.2010	648.0
31.2215	568.0
31.2420	654.0
31.2624	618.0
31.2829	550.0
31.3034	643.0
31.3239	554.0
31.3444	554.0
31.3649	548.0
31.3853	581.0
31.4058	565.0
31.4263	558.0
31.4468	555.0
31.4673	593.0
31.4877	593.0
31.5082	607.0
31.5287	603.0
31.5492	542.0
31.5697	594.0
31.5902	552.0
31.6106	558.0
31.6311	567.0
31.6516	552.0
31.6721	603.0
31.6926	666.0
31.7130	715.0
31.7335	873.0
31.7540	895.0
31.7745	770.0
31.7950	624.0
31.8154	719.0
31.8359	759.0
31.8564	660.0
31.8769	654.0
31.8974	585.0
31.9179	593.0
31.9383	585.0
31.9588	546.0
31.9793	593.0
31.9998	615.0
32.0203	582.0
32.0407	581.0
32.0612	572.0
32.0817	594.0
32.1022	572.0
32.1227	580.0
32.1432	634.0
32.1636	631.0
32.1841	585.0
32.2046	654.0
32.2251	627.0
32.2456	685.0
32.2660	776.0
32.2865	829.0
32.3070	961.0
32.3275	1323.0
32.3480	1798.0
32.3685	2364.0
32.3889	2283.0
32.4094	1834.0
32.4299	1658.0
32.4504	1682.0
32.4709	1687.0
32.4913	1226.0
32.5118	1026.0
32.5323	993.0
32.5528	910.0
32.5733	855.0
32.5937	793.0
32.6142	810.0
32.6347	827.0
32.6552	789.0
32.6757	733.0
32.6962	726.0
32.7166	733.0
32.7371	734.0
32.7576	775.0
32.7781	750.0
32.7986	712.0
32.8190	728.0
32.8395	724.0
32.8600	732.0
32.8805	762.0
32.9010	801.0
32.9215	798.0
32.9419	855.0
32.9624	929.0
32.9829	974.0
33.0034	991.0
33.0239	915.0
33.0443	933.0
33.0648	973.0
33.0853	980.0
33.1058	915.0
33.1263	911.0
33.1467	834.0
33.1672	897.0
33.1877	918.0
33.2082	958.0
33.2287	1093.0
33.2492	1079.0
33.2696	1093.0
33.2901	1226.0
33.3106	1289.0
33.3311	1473.0
33.3516	1788.0
33.3720	1997.0
33.3925	2343.0
33.4130	2993.0
33.4335	3556.0
33.4540	4711.0
33.4745	6525.0
33.4949	9716.0
33.5154	16624.0
33.5359	26521.0
33.5564	28492.0
33.5769	21988.0
33.5973	23462.0
33.6178	36343.0
33.6383	54069.0
33.6588	50584.0
33.6793	30895.0
33.6998	21967.0
33.7202	24482.0
33.7407	25253.0
33.7612	16034.0
33.7817	8510.0
33.8022	5052.0
33.8226	3529.0
33.8431	2585.0
33.8636	2250.0
33.8841	1823.0
33.9046	1563.0
33.9250	1427.0
33.9455	1296.0
33.9660	1178.0
33.9865	1084.0
34.0070	1031.0
34.0275	975.0
34.0479	911.0
34.0684	915.0
34.0889	868.0
34.1094	852.0
34.1299	809.0
34.1503	759.0
34.1708	772.0
34.1913	774.0
34.2118	759.0
34.2323	688.0
34.2528	737.0
34.2732	762.0
34.2937	707.0
34.3142	733.0
34.3347	755.0
34.3552	719.0
34.3756	703.0
34.3961	763.0
34.4166	745.0
34.4371	705.0
34.4576	660.0
34.4780	658.0
34.4985	747.0
34.5190	669.0
34.5395	653.0
34.5600	671.0
34.5805	656.0
34.6009	677.0
34.6214	707.0
34.6419	677.0
34.6624	647.0
34.6829	683.0
34.7033	620.0
34.7238	669.0
34.7443	704.0
34.7648	657.0
34.7853	696.0
34.8058	699.0
34.8262	674.0
34.8467	745.0
34.8672	691.0
34.8877	743.0
34.9082	827.0
34.9286	997.0
34.9491	1390.0
34.9696	1692.0
34.9901	1533.0
35.0106	1132.0
35.0311	1097.0
35.0515	1131.0
35.0720	1141.0
35.0925	899.0
35.1130	887.0
35.1335	815.0
35.1539	777.0
35.1744	810.0
35.1949	781.0
35.2154	808.0
35.2359	839.0
35.2563	878.0
35.2768	979.0
35.2973	990.0
35.3178	1106.0
35.3383	1312.0
35.3588	1412.0
35.3792	1728.0
35.3997	2076.0
35.4202	2474.0
35.4407	3124.0
35.4612	3822.0
35.4816	5027.0
35.5021	6661.0
35.5226	10089.0
35.5431	15728.0
35.5636	23866.0
35.5841	29276.0
35.6045	27554.0
35.6250	23351.0
35.6455	19982.0
35.6660	19370.0
35.6865	18055.0
35.7069	14101.0
35.7274	9851.0
35.7479	6678.0
35.7684	5127.0
35.7889	3903.0
35.8094	3152.0
35.8298	2660.0
35.8503	2317.0
35.8708	1948.0
35.8913	1868.0
35.9118	1673.0
35.9322	1490.0
35.9527	1381.0
35.9732	1216.0
35.9937	1123.0
36.0142	1137.0
36.0346	1045.0
36.0551	969.0
36.0756	986.0
36.0961	950.0
36.1166	902.0
36.1371	893.0
36.1575	870.0
36.1780	872.0
36.1985	829.0
36.2190	866.0
36.2395	793.0
36.2599	784.0
36.2804	740.0
36.3009	661.0
36.3214	683.0
36.3419	726.0
36.3624	669.0
36.3828	619.0
36.4033	593.0
36.4238	568.0
36.4443	575.0
36.4648	632.0
36.4852	564.0
36.5057	575.0
36.5262	564.0
36.5467	555.0
36.5672	571.0
36.5876	576.0
36.6081	556.0
36.6286	678.0
36.6491	590.0
36.6696	546.0
36.6901	548.0
36.7105	565.0
36.7310	512.0
36.7515	589.0
36.7720	533.0
36.7925	436.0
36.8129	469.0
36.8334	450.0
36.8539	437.0
36.8744	452.0
36.8949	469.0
36.9154	446.0
36.9358	414.0
36.9563	496.0
36.9768	399.0
36.9973	452.0
37.0178	448.0
37.0382	473.0
37.0587	483.0
37.0792	469.0
37.0997	425.0
37.1202	394.0
37.1407	415.0
37.1611	406.0
37.1816	425.0
37.2021	436.0
37.2226	393.0
37.2431	424.0
37.2635	398.0
37.2840	412.0
37.3045	437.0
37.3250	416.0
37.3455	366.0
37.3659	440.0
37.3864	428.0
37.4069	441.0
37.4274	433.0
37.4479	384.0
37.4684	429.0
37.4888	386.0
37.5093	414.0
37.5298	424.0
37.5503	415.0
37.5708	414.0
37.5912	390.0
37.6117	399.0
37.6322	364.0
37.6527	391.0
37.6732	401.0
37.6937	399.0
37.7141	403.0
37.7346	359.0
37.7551	380.0
37.7756	359.0
37.7961	384.0
37.8165	387.0
37.8370	420.0
37.8575	424.0
37.8780	410.0
37.8985	412.0
37.9189	336.0
37.9394	349.0
37.9599	356.0
37.9804	387.0
38.0009	356.0
38.0214	352.0
38.0418	355.0
38.0623	343.0
38.0828	408.0
38.1033	416.0
38.1238	393.0
38.1442	382.0
38.1647	424.0
38.1852	353.0
38.2057	397.0
38.2262	364.0
38.2467	394.0
38.2671	374.0
38.2876	386.0
38.3081	373.0
38.3286	390.0
38.3491	366.0
38.3695	378.0
38.3900	374.0
38.4105	366.0
38.4310	393.0
38.4515	373.0
38.4720	429.0
38.4924	382.0
38.5129	414.0
38.5334	414.0
38.5539	407.0
38.5744	408.0
38.5948	473.0
38.6153	454.0
38.6358	605.0
38.6563	713.0
38.6768	944.0
38.6972	1209.0
38.7177	1205.0
38.7382	887.0
38.7587	766.0
38.7792	696.0
38.7997	874.0
38.8201	747.0
38.8406	665.0
38.8611	539.0
38.8816	479.0
38.9021	500.0
38.9225	509.0
38.9430	533.0
38.9635	547.0
38.9840	560.0
39.0045	580.0
39.0250	624.0
39.0454	678.0
39.0659	890.0
39.0864	1075.0
39.1069	1236.0
39.1274	1452.0
39.1478	1877.0
39.1683	2331.0
39.1888	2175.0
39.2093	1762.0
39.2298	1423.0
39.2502	1454.0
39.2707	1537.0
39.2912	1425.0
39.3117	1088.0
39.3322	898.0
39.3527	760.0
39.3731	678.0
39.3936	681.0
39.4141	665.0
39.4346	712.0
39.4551	733.0
39.4755	873.0
39.4960	1058.0
39.5165	1406.0
39.5370	1308.0
39.5575	1029.0
39.5780	957.0
39.5984	937.0
39.6189	992.0
39.6394	932.0
39.6599	835.0
39.6804	645.0
39.7008	654.0
39.7213	584.0
39.7418	548.0
39.7623	501.0
39.7828	542.0
39.8033	512.0
39.8237	518.0
39.8442	501.0
39.8647	510.0
39.8852	554.0
39.9057	567.0
39.9261	597.0
39.9466	648.0
39.9671	810.0
39.9876	1102.0
40.0081	1590.0
40.0285	2026.0
40.0490	1661.0
40.0695	1255.0
40.0900	1093.0
40.1105	1287.0
40.1310	1442.0
40.1514	1331.0
40.1719	1107.0
40.1924	1038.0
40.2129	1073.0
40.2334	1209.0
40.2538	1390.0
40.2743	1572.0
40.2948	1942.0
40.3153	2459.0
40.3358	3182.0
40.3563	4492.0
40.3767	6452.0
40.3972	9679.0
40.4177	13289.0
40.4382	13052.0
40.4587	9554.0
40.4791	7661.0
40.4996	7616.0
40.5201	8081.0
40.5406	7901.0
40.5611	5541.0
40.5816	3970.0
40.6020	2766.0
40.6225	2242.0
40.6430	1770.0
40.6635	1510.0
40.6840	1306.0
40.7044	1048.0
40.7249	993.0
40.7454	855.0
40.7659	813.0
40.7864	772.0
40.8068	740.0
40.8273	690.0
40.8478	619.0
40.8683	598.0
40.8888	597.0
40.9093	529.0
40.9297	509.0
40.9502	567.0
40.9707	517.0
40.9912	479.0
41.0117	466.0
41.0321	517.0
41.0526	438.0
41.0731	476.0
41.0936	395.0
41.1141	408.0
41.1346	454.0
41.1550	418.0
41.1755	432.0
41.1960	436.0
41.2165	488.0
41.2370	450.0
41.2574	476.0
41.2779	435.0
41.2984	438.0
41.3189	428.0
41.3394	427.0
41.3598	394.0
41.3803	361.0
41.4008	372.0
41.4213	393.0
41.4418	397.0
41.4623	376.0
41.4827	385.0
41.5032	412.0
41.5237	376.0
41.5442	365.0
41.5647	346.0
41.5851	374.0
41.6056	365.0
41.6261	356.0
41.6466	340.0
41.6671	382.0
41.6876	404.0
41.7080	340.0
41.7285	361.0
41.7490	366.0
41.7695	342.0
41.7900	397.0
41.8104	338.0
41.8309	348.0
41.8514	344.0
41.8719	368.0
41.8924	378.0
41.9129	360.0
41.9333	391.0
41.9538	377.0
41.9743	344.0
41.9948	391.0
42.0153	359.0
42.0357	403.0
42.0562	386.0
42.0767	372.0
42.0972	370.0
42.1177	366.0
42.1381	395.0
42.1586	342.0
42.1791	363.0
42.1996	360.0
42.2201	357.0
42.2406	340.0
42.2610	347.0
42.2815	398.0
42.3020	397.0
42.3225	427.0
42.3430	414.0
42.3634	403.0
42.3839	428.0
42.4044	462.0
42.4249	438.0
42.4454	487.0
42.4659	512.0
42.4863	482.0
42.5068	579.0
42.5273	658.0
42.5478	658.0
42.5683	687.0
42.5887	777.0
42.6092	891.0
42.6297	1110.0
42.6502	1398.0
42.6707	2000.0
42.6911	2925.0
42.7116	4683.0
42.7321	6766.0
42.7526	6047.0
42.7731	4249.0
42.7936	3563.0
42.8140	4280.0
42.8345	5992.0
42.8550	7665.0
42.8755	8751.0
42.8960	9275.0
42.9164	7490.0
42.9369	5382.0
42.9574	4499.0
42.9779	4631.0
42.9984	5082.0
43.0189	4696.0
43.0393	3335.0
43.0598	2355.0
43.0803	1737.0
43.1008	1419.0
43.1213	1194.0
43.1417	1008.0
43.1622	822.0
43.1827	878.0
43.2032	749.0
43.2237	709.0
43.2442	712.0
43.2646	647.0
43.2851	556.0
43.3056	585.0
43.3261	577.0
43.3466	572.0
43.3670	666.0
43.3875	652.0
43.4080	800.0
43.4285	1043.0
43.4490	1551.0
43.4694	1709.0
43.4899	1488.0
43.5104	1067.0
43.5309	830.0
43.5514	928.0
43.5719	1080.0
43.5923	1081.0
43.6128	796.0
43.6333	611.0
43.6538	504.0
43.6743	461.0
43.6947	476.0
43.7152	403.0
43.7357	415.0
43.7562	372.0
43.7767	444.0
43.7972	437.0
43.8176	455.0
43.8381	527.0
43.8586	499.0
43.8791	517.0
43.8996	613.0
43.9200	730.0
43.9405	843.0
43.9610	1191.0
43.9815	1548.0
44.0020	1950.0
44.0225	1639.0
44.0429	1352.0
44.0634	1101.0
44.0839	1139.0
44.1044	1230.0
44.1249	1233.0
44.1453	1029.0
44.1658	797.0
44.1863	647.0
44.2068	592.0
44.2273	450.0
44.2477	518.0
44.2682	442.0
44.2887	374.0
44.3092	418.0
44.3297	344.0
44.3502	347.0
44.3706	334.0
44.3911	347.0
44.4116	360.0
44.4321	313.0
44.4526	306.0
44.4730	287.0
44.4935	327.0
44.5140	340.0
44.5345	356.0
44.5550	309.0
44.5755	338.0
44.5959	331.0
44.6164	317.0
44.6369	353.0
44.6574	298.0
44.6779	306.0
44.6983	326.0
44.7188	326.0
44.7393	347.0
44.7598	340.0
44.7803	298.0
44.8007	297.0
44.8212	331.0
44.8417	319.0
44.8622	312.0
44.8827	346.0
44.9032	305.0
44.9236	321.0
44.9441	335.0
44.9646	385.0
44.9851	331.0
45.0056	372.0
45.0260	275.0
45.0465	293.0
45.0670	323.0
45.0875	334.0
45.1080	368.0
45.1285	318.0
45.1489	346.0
45.1694	323.0
45.1899	317.0
45.2104	312.0
45.2309	352.0
45.2513	347.0
45.2718	326.0
45.2923	326.0
45.3128	373.0
45.3333	407.0
45.3538	474.0
45.3742	516.0
45.3947	634.0
45.4152	729.0
45.4357	971.0
45.4562	1279.0
45.4766	1241.0
45.4971	936.0
45.5176	755.0
45.5381	760.0
45.5586	842.0
45.5790	891.0
45.5995	738.0
45.6200	632.0
45.6405	564.0
45.6610	431.0
45.6815	412.0
45.7019	391.0
45.7224	349.0
45.7429	390.0
45.7634	346.0
45.7839	357.0
45.8043	319.0
45.8248	319.0
45.8453	315.0
45.8658	315.0
45.8863	304.0
45.9068	266.0
45.9272	305.0
45.9477	291.0
45.9682	285.0
45.9887	305.0
46.0092	300.0
46.0296	342.0
46.0501	279.0
46.0706	334.0
46.0911	315.0
46.1116	330.0
46.1320	347.0
46.1525	319.0
46.1730	370.0
46.1935	361.0
46.2140	347.0
46.2345	389.0
46.2549	428.0
46.2754	455.0
46.2959	530.0
46.3164	559.0
46.3369	631.0
46.3573	734.0
46.3778	814.0
46.3983	1000.0
46.4188	1323.0
46.4393	1719.0
46.4598	2470.0
46.4802	3493.0
46.5007	4085.0
46.5212	3496.0
46.5417	2474.0
46.5622	2174.0
46.5826	2154.0
46.6031	2493.0
46.6236	2496.0
46.6441	2046.0
46.6646	1463.0
46.6851	1127.0
46.7055	932.0
46.7260	787.0
46.7465	724.0
46.7670	669.0
46.7875	586.0
46.8079	674.0
46.8284	698.0
46.8489	860.0
46.8694	804.0
46.8899	662.0
46.9103	550.0
46.9308	484.0
46.9513	535.0
46.9718	601.0
46.9923	607.0
47.0128	483.0
47.0332	423.0
47.0537	314.0
47.0742	356.0
47.0947	314.0
47.1152	338.0
47.1356	305.0
47.1561	270.0
47.1766	334.0
47.1971	308.0
47.2176	285.0
47.2381	285.0
47.2585	288.0
47.2790	283.0
47.2995	247.0
47.3200	298.0
47.3405	267.0
47.3609	251.0
47.3814	266.0
47.4019	254.0
47.4224	259.0
47.4429	259.0
47.4633	284.0
47.4838	271.0
47.5043	245.0
47.5248	306.0
47.5453	251.0
47.5658	295.0
47.5862	238.0
47.6067	264.0
47.6272	247.0
47.6477	251.0
47.6682	271.0
47.6886	274.0
47.7091	275.0
47.7296	277.0
47.7501	283.0
47.7706	276.0
47.7911	257.0
47.8115	219.0
47.8320	259.0
47.8525	289.0
47.8730	291.0
47.8935	254.0
47.9139	305.0
47.9344	304.0
47.9549	315.0
47.9754	232.0
47.9959	309.0
48.0164	336.0
48.0368	312.0
48.0573	254.0
48.0778	309.0
48.0983	318.0
48.1188	317.0
48.1392	304.0
48.1597	321.0
48.1802	291.0
48.2007	304.0
48.2212	280.0
48.2416	312.0
48.2621	296.0
48.2826	241.0
48.3031	317.0
48.3236	334.0
48.3441	238.0
48.3645	291.0
48.3850	310.0
48.4055	266.0
48.4260	356.0
48.4465	263.0
48.4669	327.0
48.4874	293.0
48.5079	304.0
48.5284	310.0
48.5489	330.0
48.5694	322.0
48.5898	298.0
48.6103	308.0
48.6308	295.0
48.6513	329.0
48.6718	305.0
48.6922	304.0
48.7127	302.0
48.7332	306.0
48.7537	318.0
48.7742	319.0
48.7947	321.0
48.8151	321.0
48.8356	323.0
48.8561	336.0
48.8766	329.0
48.8971	339.0
48.9175	330.0
48.9380	330.0
48.9585	359.0
48.9790	329.0
48.9995	406.0
49.0199	360.0
49.0404	336.0
49.0609	415.0
49.0814	384.0
49.1019	416.0
49.1224	401.0
49.1428	441.0
49.1633	404.0
49.1838	448.0
49.2043	492.0
49.2248	486.0
49.2452	491.0
49.2657	539.0
49.2862	679.0
49.3067	723.0
49.3272	713.0
49.3477	759.0
49.3681	853.0
49.3886	990.0
49.4091	1293.0
49.4296	1518.0
49.4501	1978.0
49.4705	2674.0
49.4910	3534.0
49.5115	4149.0
49.5320	3789.0
49.5525	3298.0
49.5729	3173.0
49.5934	3374.0
49.6139	4035.0
49.6344	4891.0
49.6549	5921.0
49.6754	7004.0
49.6958	9266.0
49.7163	12314.0
49.7368	13312.0
49.7573	11817.0
49.7778	10372.0
49.7982	11310.0
49.8187	13363.0
49.8392	14182.0
49.8597	12716.0
49.8802	10391.0
49.9007	8140.0
49.9211	6924.0
49.9416	6822.0
49.9621	6387.0
49.9826	5459.0
50.0031	3859.0
50.0235	3062.0
50.0440	2295.0
50.0645	1938.0
50.0850	1628.0
50.1055	1455.0
50.1260	1323.0
50.1464	1162.0
50.1669	1098.0
50.1874	1035.0
50.2079	1065.0
50.2284	1127.0
50.2488	969.0
50.2693	873.0
50.2898	817.0
50.3103	792.0
50.3308	789.0
50.3512	781.0
50.3717	775.0
50.3922	762.0
50.4127	789.0
50.4332	826.0
50.4537	847.0
50.4741	950.0
50.4946	1059.0
50.5151	1308.0
50.5356	1768.0
50.5561	2391.0
50.5765	3315.0
50.5970	4393.0
50.6175	4421.0
50.6380	3412.0
50.6585	2507.0
50.6790	2224.0
50.6994	2262.0
50.7199	2636.0
50.7404	2859.0
50.7609	2363.0
50.7814	1630.0
50.8018	1246.0
50.8223	1026.0
50.8428	885.0
50.8633	757.0
50.8838	640.0
50.9042	615.0
50.9247	576.0
50.9452	551.0
50.9657	487.0
50.9862	488.0
51.0067	416.0
51.0271	382.0
51.0476	390.0
51.0681	419.0
51.0886	411.0
51.1091	372.0
51.1295	339.0
51.1500	370.0
51.1705	361.0
51.1910	336.0
51.2115	364.0
51.2320	334.0
51.2524	384.0
51.2729	407.0
51.2934	441.0
51.3139	505.0
51.3344	412.0
51.3548	393.0
51.3753	323.0
51.3958	360.0
51.4163	365.0
51.4368	330.0
51.4573	395.0
51.4777	304.0
51.4982	266.0
51.5187	275.0
51.5392	297.0
51.5597	296.0
51.5801	267.0
51.6006	264.0
51.6211	274.0
51.6416	295.0
51.6621	268.0
51.6825	238.0
51.7030	317.0
51.7235	257.0
51.7440	276.0
51.7645	309.0
51.7850	315.0
51.8054	274.0
51.8259	276.0
51.8464	295.0
51.8669	297.0
51.8874	288.0
51.9078	280.0
51.9283	312.0
51.9488	281.0
51.9693	280.0
51.9898	309.0
52.0103	295.0
52.0307	322.0
52.0512	349.0
52.0717	389.0
52.0922	454.0
52.1127	582.0
52.1331	661.0
52.1536	605.0
52.1741	539.0
52.1946	526.0
52.2151	522.0
52.2355	598.0
52.2560	670.0
52.2765	868.0
52.2970	1018.0
52.3175	1157.0
52.3380	1062.0
52.3584	1004.0
52.3789	838.0
52.3994	921.0
52.4199	1153.0
52.4404	1370.0
52.4608	1908.0
52.4813	2408.0
52.5018	2901.0
52.5223	2720.0
52.5428	2160.0
52.5633	1673.0
52.5837	1445.0
52.6042	1351.0
52.6247	1585.0
52.6452	1781.0
52.6657	1704.0
52.6861	1186.0
52.7066	982.0
52.7271	723.0
52.7476	652.0
52.7681	640.0
52.7886	631.0
52.8090	709.0
52.8295	737.0
52.8500	983.0
52.8705	1124.0
52.8910	1249.0
52.9114	1045.0
52.9319	819.0
52.9524	704.0
52.9729	675.0
52.9934	723.0
53.0138	772.0
53.0343	818.0
53.0548	652.0
53.0753	590.0
53.0958	453.0
53.1163	435.0
53.1367	353.0
53.1572	359.0
53.1777	296.0
53.1982	344.0
53.2187	291.0
53.2391	270.0
53.2596	279.0
53.2801	314.0
53.3006	221.0
53.3211	281.0
53.3416	258.0
53.3620	234.0
53.3825	285.0
53.4030	257.0
53.4235	260.0
53.4440	264.0
53.4644	241.0
53.4849	257.0
53.5054	247.0
53.5259	281.0
53.5464	277.0
53.5669	241.0
53.5873	242.0
53.6078	250.0
53.6283	242.0
53.6488	255.0
53.6693	267.0
53.6897	220.0
53.7102	279.0
53.7307	263.0
53.7512	266.0
53.7717	280.0
53.7921	266.0
53.8126	275.0
53.8331	284.0
53.8536	297.0
53.8741	287.0
53.8946	313.0
53.9150	331.0
53.9355	410.0
53.9560	376.0
53.9765	347.0
53.9970	281.0
54.0174	309.0
54.0379	313.0
54.0584	365.0
54.0789	323.0
54.0994	291.0
54.1199	280.0
54.1403	296.0
54.1608	243.0
54.1813	240.0
54.2018	247.0
54.2223	264.0
54.2427	225.0
54.2632	232.0
54.2837	271.0
54.3042	237.0
54.3247	245.0
54.3451	200.0
54.3656	253.0
54.3861	241.0
54.4066	230.0
54.4271	233.0
54.4476	224.0
54.4680	246.0
54.4885	240.0
54.5090	264.0
54.5295	247.0
54.5500	208.0
54.5704	245.0
54.5909	217.0
54.6114	219.0
54.6319	242.0
54.6524	258.0
54.6729	259.0
54.6933	212.0
54.7138	277.0
54.7343	270.0
54.7548	226.0
54.7753	233.0
54.7957	270.0
54.8162	251.0
54.8367	296.0
54.8572	250.0
54.8777	280.0
54.8982	291.0
54.9186	308.0
54.9391	302.0
54.9596	351.0
54.9801	322.0
55.0006	373.0
55.0210	374.0
55.0415	406.0
55.0620	419.0
55.0825	480.0
55.1030	513.0
55.1234	552.0
55.1439	622.0
55.1644	798.0
55.1849	910.0
55.2054	1173.0
55.2259	1661.0
55.2463	2313.0
55.2668	3537.0
55.2873	5555.0
55.3078	6237.0
55.3283	4469.0
55.3487	2872.0
55.3692	1996.0
55.3897	1831.0
55.4102	2140.0
55.4307	2741.0
55.4512	3343.0
55.4716	2800.0
55.4921	1844.0
55.5126	1160.0
55.5331	733.0
55.5536	550.0
55.5740	496.0
55.5945	429.0
55.6150	382.0
55.6355	309.0
55.6560	334.0
55.6764	319.0
55.6969	284.0
55.7174	276.0
55.7379	243.0
55.7584	275.0
55.7789	271.0
55.7993	281.0
55.8198	247.0
55.8403	255.0
55.8608	229.0
55.8813	234.0
55.9017	241.0
55.9222	268.0
55.9427	237.0
55.9632	251.0
55.9837	221.0
56.0042	249.0
56.0246	232.0
56.0451	236.0
56.0656	205.0
56.0861	259.0
56.1066	260.0
56.1270	251.0
56.1475	255.0
56.1680	272.0
56.1885	291.0
56.2090	305.0
56.2295	291.0
56.2499	315.0
56.2704	300.0
56.2909	288.0
56.3114	298.0
56.3319	357.0
56.3523	406.0
56.3728	394.0
56.3933	463.0
56.4138	598.0
56.4343	713.0
56.4547	815.0
56.4752	844.0
56.4957	819.0
56.5162	877.0
56.5367	1014.0
56.5572	889.0
56.5776	847.0
56.5981	753.0
56.6186	677.0
56.6391	606.0
56.6596	620.0
56.6800	581.0
56.7005	569.0
56.7210	534.0
56.7415	435.0
56.7620	357.0
56.7825	361.0
56.8029	281.0
56.8234	259.0
56.8439	254.0
56.8644	259.0
56.8849	259.0
56.9053	208.0
56.9258	233.0
56.9463	187.0
56.9668	211.0
56.9873	247.0
57.0077	217.0
57.0282	241.0
57.0487	223.0
57.0692	228.0
57.0897	200.0
57.1102	217.0
57.1306	223.0
57.1511	178.0
57.1716	195.0
57.1921	186.0
57.2126	221.0
57.2330	236.0
57.2535	217.0
57.2740	209.0
57.2945	229.0
57.3150	215.0
57.3355	225.0
57.3559	213.0
57.3764	245.0
57.3969	213.0
57.4174	203.0
57.4379	229.0
57.4583	204.0
57.4788	215.0
57.4993	188.0
57.5198	207.0
57.5403	192.0
57.5608	202.0
57.5812	158.0
57.6017	205.0
57.6222	179.0
57.6427	199.0
57.6632	211.0
57.6836	212.0
57.7041	174.0
57.7246	203.0
57.7451	209.0
57.7656	233.0
57.7860	190.0
57.8065	191.0
57.8270	195.0
57.8475	203.0
57.8680	205.0
57.8885	224.0
57.9089	178.0
57.9294	245.0
57.9499	215.0
57.9704	199.0
57.9909	216.0
58.0113	221.0
58.0318	224.0
58.0523	211.0
58.0728	212.0
58.0933	236.0
58.1138	221.0
58.1342	203.0
58.1547	203.0
58.1752	220.0
58.1957	237.0
58.2162	230.0
58.2366	205.0
58.2571	234.0
58.2776	236.0
58.2981	204.0
58.3186	241.0
58.3391	230.0
58.3595	228.0
58.3800	216.0
58.4005	247.0
58.4210	207.0
58.4415	230.0
58.4619	217.0
58.4824	230.0
58.5029	213.0
58.5234	232.0
58.5439	196.0
58.5643	229.0
58.5848	229.0
58.6053	216.0
58.6258	223.0
58.6463	229.0
58.6668	221.0
58.6872	209.0
58.7077	208.0
58.7282	192.0
58.7487	216.0
58.7692	188.0
58.7896	223.0
58.8101	240.0
58.8306	246.0
58.8511	196.0
58.8716	223.0
58.8921	220.0
58.9125	270.0
58.9330	255.0
58.9535	277.0
58.9740	225.0
58.9945	254.0
59.0149	284.0
59.0354	264.0
59.0559	226.0
59.0764	223.0
59.0969	268.0
59.1173	247.0
59.1378	253.0
59.1583	245.0
59.1788	250.0
59.1993	260.0
59.2198	236.0
59.2402	215.0
59.2607	289.0
59.2812	293.0
59.3017	308.0
59.3222	304.0
59.3426	306.0
59.3631	386.0
59.3836	390.0
59.4041	421.0
59.4246	424.0
59.4451	428.0
59.4655	421.0
59.4860	347.0
59.5065	351.0
59.5270	366.0
59.5475	398.0
59.5679	382.0
59.5884	403.0
59.6089	373.0
59.6294	368.0
59.6499	385.0
59.6704	406.0
59.6908	403.0
59.7113	351.0
59.7318	394.0
59.7523	389.0
59.7728	418.0
59.7932	482.0
59.8137	484.0
59.8342	509.0
59.8547	588.0
59.8752	669.0
59.8956	779.0
59.9161	759.0
59.9366	1047.0
59.9571	1318.0
59.9776	1652.0
59.9981	2607.0
60.0185	3698.0
60.0390	4948.0
60.0595	4976.0
60.0800	3787.0
60.1005	2687.0
60.1209	2137.0
60.1414	2217.0
60.1619	2505.0
60.1824	3317.0
60.2029	4690.0
60.2234	5919.0
60.2438	6259.0
60.2643	5118.0
60.2848	3465.0
60.3053	2325.0
60.3258	1866.0
60.3462	1719.0
60.3667	1861.0
60.3872	2313.0
60.4077	2657.0
60.4282	2247.0
60.4486	1694.0
60.4691	1240.0
60.4896	911.0
60.5101	810.0
60.5306	675.0
60.5511	605.0
60.5715	486.0
60.5920	533.0
60.6125	514.0
60.6330	461.0
60.6535	445.0
60.6739	490.0
60.6944	463.0
60.7149	465.0
60.7354	415.0
60.7559	410.0
60.7764	453.0
60.7968	452.0
60.8173	509.0
60.8378	504.0
60.8583	525.0
60.8788	560.0
60.8992	645.0
60.9197	738.0
60.9402	772.0
60.9607	787.0
60.9812	805.0
61.0017	911.0
61.0221	1045.0
61.0426	1281.0
61.0631	1581.0
61.0836	1842.0
61.1041	1741.0
61.1245	1632.0
61.1450	1674.0
61.1655	1740.0
61.1860	2017.0
61.2065	2338.0
61.2269	2897.0
61.2474	3613.0
61.2679	4473.0
61.2884	5432.0
61.3089	6295.0
61.3294	6369.0
61.3498	6444.0
61.3703	6904.0
61.3908	8414.0
61.4113	9941.0
61.4318	10243.0
61.4522	10348.0
61.4727	10800.0
61.4932	10103.0
61.5137	8822.0
61.5342	8817.0
61.5547	9598.0
61.5751	10842.0
61.5956	11191.0
61.6161	9758.0
61.6366	7842.0
61.6571	6647.0
61.6775	5473.0
61.6980	4507.0
61.7185	4272.0
61.7390	4412.0
61.7595	4455.0
61.7800	3983.0
61.8004	2914.0
61.8209	2433.0
61.8414	2013.0
61.8619	1550.0
61.8824	1382.0
61.9028	1232.0
61.9233	1119.0
61.9438	1081.0
61.9643	895.0
61.9848	840.0
62.0052	767.0
62.0257	745.0
62.0462	738.0
62.0667	640.0
62.0872	624.0
62.1077	568.0
62.1281	551.0
62.1486	518.0
62.1691	476.0
62.1896	531.0
62.2101	513.0
62.2305	452.0
62.2510	401.0
62.2715	401.0
62.2920	455.0
62.3125	380.0
62.3330	402.0
62.3534	418.0
62.3739	374.0
62.3944	378.0
62.4149	378.0
62.4354	351.0
62.4558	380.0
62.4763	373.0
62.4968	318.0
62.5173	374.0
62.5378	321.0
62.5582	348.0
62.5787	343.0
62.5992	381.0
62.6197	344.0
62.6402	314.0
62.6607	306.0
62.6811	287.0
62.7016	329.0
62.7221	312.0
62.7426	291.0
62.7631	325.0
62.7835	304.0
62.8040	308.0
62.8245	325.0
62.8450	356.0
62.8655	331.0
62.8860	347.0
62.9064	410.0
62.9269	404.0
62.9474	479.0
62.9679	475.0
62.9884	425.0
63.0088	390.0
63.0293	393.0
63.0498	378.0
63.0703	356.0
63.0908	298.0
63.1113	398.0
63.1317	386.0
63.1522	404.0
63.1727	356.0
63.1932	349.0
63.2137	321.0
63.2341	293.0
63.2546	292.0
63.2751	304.0
63.2956	272.0
63.3161	308.0
63.3365	296.0
63.3570	279.0
63.3775	270.0
63.3980	293.0
63.4185	289.0
63.4390	284.0
63.4594	305.0
63.4799	274.0
63.5004	293.0
63.5209	279.0
63.5414	264.0
63.5618	297.0
63.5823	297.0
63.6028	292.0
63.6233	289.0
63.6438	291.0
63.6643	336.0
63.6847	308.0
63.7052	369.0
63.7257	357.0
63.7462	361.0
63.7667	376.0
63.7871	391.0
63.8076	435.0
63.8281	470.0
63.8486	507.0
63.8691	615.0
63.8895	750.0
63.9100	830.0
63.9305	1037.0
63.9510	1374.0
63.9715	1775.0
63.9920	2326.0
64.0124	2715.0
64.0329	2395.0
64.0534	2003.0
64.0739	1558.0
64.0944	1313.0
64.1148	1234.0
64.1353	1174.0
64.1558	1416.0
64.1763	1524.0
64.1968	1634.0
64.2173	1394.0
64.2377	1152.0
64.2582	1030.0
64.2787	895.0
64.2992	775.0
64.3197	628.0
64.3401	550.0
64.3606	463.0
64.3811	404.0
64.4016	419.0
64.4221	410.0
64.4426	406.0
64.4630	403.0
64.4835	394.0
64.5040	365.0
64.5245	325.0
64.5450	264.0
64.5654	257.0
64.5859	312.0
64.6064	291.0
64.6269	291.0
64.6474	254.0
64.6678	276.0
64.6883	277.0
64.7088	305.0
64.7293	344.0
64.7498	318.0
64.7703	404.0
64.7907	453.0
64.8112	503.0
64.8317	520.0
64.8522	488.0
64.8727	381.0
64.8931	387.0
64.9136	373.0
64.9341	314.0
64.9546	349.0
64.9751	365.0
64.9956	377.0
65.0160	415.0
65.0365	407.0
65.0570	342.0
65.0775	364.0
65.0980	335.0
65.1184	310.0
65.1389	365.0
65.1594	478.0
65.1799	415.0
65.2004	419.0
65.2208	373.0
65.2413	327.0
65.2618	319.0
65.2823	296.0
65.3028	301.0
65.3233	397.0
65.3437	312.0
65.3642	313.0
65.3847	296.0
65.4052	300.0
65.4257	257.0
65.4461	242.0
65.4666	237.0
65.4871	250.0
65.5076	225.0
65.5281	226.0
65.5486	203.0
65.5690	204.0
65.5895	205.0
65.6100	228.0
65.6305	205.0
65.6510	199.0
65.6714	200.0
65.6919	185.0
65.7124	220.0
65.7329	205.0
65.7534	205.0
65.7739	212.0
65.7943	198.0
65.8148	243.0
65.8353	203.0
65.8558	194.0
65.8763	199.0
65.8967	220.0
65.9172	202.0
65.9377	203.0
65.9582	209.0
65.9787	195.0
65.9991	215.0
66.0196	225.0
66.0401	232.0
66.0606	221.0
66.0811	225.0
66.1016	243.0
66.1220	221.0
66.1425	255.0
66.1630	332.0
66.1835	329.0
66.2040	387.0
66.2244	453.0
66.2449	516.0
66.2654	594.0
66.2859	699.0
66.3064	806.0
66.3269	1081.0
66.3473	1081.0
66.3678	884.0
66.3883	615.0
66.4088	548.0
66.4293	525.0
66.4497	493.0
66.4702	539.0
66.4907	576.0
66.5112	594.0
66.5317	639.0
66.5522	581.0
66.5726	421.0
66.5931	339.0
66.6136	312.0
66.6341	262.0
66.6546	216.0
66.6750	223.0
66.6955	225.0
66.7160	213.0
66.7365	207.0
66.7570	213.0
66.7774	205.0
66.7979	221.0
66.8184	223.0
66.8389	203.0
66.8594	216.0
66.8799	203.0
66.9003	200.0
66.9208	188.0
66.9413	209.0
66.9618	165.0
66.9823	195.0
67.0027	203.0
67.0232	202.0
67.0437	182.0
67.0642	199.0
67.0847	179.0
67.1052	202.0
67.1256	162.0
67.1461	181.0
67.1666	207.0
67.1871	224.0
67.2076	196.0
67.2280	220.0
67.2485	203.0
67.2690	223.0
67.2895	241.0
67.3100	224.0
67.3304	249.0
67.3509	281.0
67.3714	288.0
67.3919	263.0
67.4124	230.0
67.4329	240.0
67.4533	225.0
67.4738	234.0
67.4943	237.0
67.5148	236.0
67.5353	268.0
67.5557	226.0
67.5762	225.0
67.5967	259.0
67.6172	216.0
67.6377	271.0
67.6582	258.0
67.6786	283.0
67.6991	251.0
67.7196	293.0
67.7401	339.0
67.7606	395.0
67.7810	444.0
67.8015	353.0
67.8220	340.0
67.8425	306.0
67.8630	325.0
67.8835	304.0
67.9039	317.0
67.9244	276.0
67.9449	291.0
67.9654	322.0
67.9859	322.0
68.0063	298.0
68.0268	276.0
68.0473	276.0
68.0678	274.0
68.0883	226.0
68.1087	228.0
68.1292	240.0
68.1497	219.0
68.1702	266.0
68.1907	255.0
68.2112	254.0
68.2316	321.0
68.2521	277.0
68.2726	326.0
68.2931	343.0
68.3136	395.0
68.3340	492.0
68.3545	552.0
68.3750	644.0
68.3955	760.0
68.4160	741.0
68.4365	552.0
68.4569	497.0
68.4774	479.0
68.4979	512.0
68.5184	504.0
68.5389	592.0
68.5593	670.0
68.5798	755.0
68.6003	683.0
68.6208	592.0
68.6413	533.0
68.6617	432.0
68.6822	454.0
68.7027	380.0
68.7232	374.0
68.7437	357.0
68.7642	352.0
68.7846	336.0
68.8051	353.0
68.8256	315.0
68.8461	270.0
68.8666	267.0
68.8870	251.0
68.9075	251.0
68.9280	225.0
68.9485	217.0
68.9690	237.0
68.9895	178.0
69.0099	202.0
69.0304	223.0
69.0509	208.0
69.0714	195.0
69.0919	207.0
69.1123	211.0
69.1328	207.0
69.1533	253.0
69.1738	236.0
69.1943	305.0
69.2148	255.0
69.2352	254.0
69.2557	254.0
69.2762	241.0
69.2967	255.0
69.3172	240.0
69.3376	247.0
69.3581	211.0
69.3786	264.0
69.3991	263.0
69.4196	247.0
69.4400	254.0
69.4605	224.0
69.4810	230.0
69.5015	254.0
69.5220	257.0
69.5425	258.0
69.5629	241.0
69.5834	238.0
69.6039	257.0
69.6244	258.0
69.6449	281.0
69.6653	260.0
69.6858	327.0
69.7063	365.0
69.7268	385.0
69.7473	380.0
69.7678	473.0
69.7882	631.0
69.8087	732.0
69.8292	793.0
69.8497	806.0
69.8702	635.0
69.8906	483.0
69.9111	476.0
69.9316	463.0
69.9521	414.0
69.9726	406.0
69.9930	449.0
70.0135	524.0
70.0340	548.0
70.0545	500.0
70.0750	397.0
70.0955	363.0
70.1159	344.0
70.1364	348.0
70.1569	319.0
70.1774	347.0
70.1979	287.0
70.2183	297.0
70.2388	315.0
70.2593	300.0
70.2798	313.0
70.3003	276.0
70.3208	296.0
70.3412	315.0
70.3617	335.0
70.3822	344.0
70.4027	428.0
70.4232	407.0
70.4436	446.0
70.4641	565.0
70.4846	668.0
70.5051	729.0
70.5256	679.0
70.5461	626.0
70.5665	556.0
70.5870	556.0
70.6075	606.0
70.6280	788.0
70.6485	921.0
70.6689	1215.0
70.6894	1572.0
70.7099	2319.0
70.7304	3065.0
70.7509	3380.0
70.7713	2986.0
70.7918	1948.0
70.8123	1495.0
70.8328	1094.0
70.8533	1164.0
70.8738	1001.0
70.8942	1181.0
70.9147	1394.0
70.9352	1860.0
70.9557	1897.0
70.9762	1575.0
70.9966	1147.0
71.0171	914.0
71.0376	805.0
71.0581	627.0
71.0786	677.0
71.0991	648.0
71.1195	746.0
71.1400	692.0
71.1605	559.0
71.1810	558.0
71.2015	550.0
71.2219	559.0
71.2424	597.0
71.2629	610.0
71.2834	724.0
71.3039	1013.0
71.3244	1185.0
71.3448	1399.0
71.3653	1419.0
71.3858	1022.0
71.4063	872.0
71.4268	698.0
71.4472	636.0
71.4677	556.0
71.4882	576.0
71.5087	637.0
71.5292	812.0
71.5496	853.0
71.5701	882.0
71.5906	708.0
71.6111	652.0
71.6316	516.0
71.6521	512.0
71.6725	437.0
71.6930	518.0
71.7135	512.0
71.7340	535.0
71.7545	571.0
71.7749	603.0
71.7954	726.0
71.8159	757.0
71.8364	873.0
71.8569	1010.0
71.8774	1204.0
71.8978	1380.0
71.9183	1733.0
71.9388	2211.0
71.9593	2844.0
71.9798	3427.0
72.0002	4165.0
72.0207	4391.0
72.0412	4713.0
72.0617	4437.0
72.0822	3750.0
72.1026	3279.0
72.1231	2685.0
72.1436	2512.0
72.1641	2478.0
72.1846	2582.0
72.2051	2758.0
72.2255	2771.0
72.2460	2948.0
72.2665	2708.0
72.2870	2332.0
72.3075	1881.0
72.3279	1567.0
72.3484	1335.0
72.3689	1204.0
72.3894	1069.0
72.4099	919.0
72.4304	800.0
72.4508	749.0
72.4713	720.0
72.4918	690.0
72.5123	618.0
72.5328	601.0
72.5532	631.0
72.5737	484.0
72.5942	504.0
72.6147	446.0
72.6352	452.0
72.6557	412.0
72.6761	403.0
72.6966	407.0
72.7171	353.0
72.7376	421.0
72.7581	407.0
72.7785	380.0
72.7990	427.0
72.8195	442.0
72.8400	428.0
72.8605	427.0
72.8809	390.0
72.9014	394.0
72.9219	363.0
72.9424	301.0
72.9629	331.0
72.9834	309.0
73.0038	338.0
73.0243	326.0
73.0448	346.0
73.0653	363.0
73.0858	268.0
73.1062	305.0
73.1267	250.0
73.1472	306.0
73.1677	276.0
73.1882	238.0
73.2087	228.0
73.2291	276.0
73.2496	259.0
73.2701	223.0
73.2906	226.0
73.3111	200.0
73.3315	207.0
73.3520	229.0
73.3725	223.0
73.3930	233.0
73.4135	191.0
73.4339	198.0
73.4544	212.0
73.4749	207.0
73.4954	228.0
73.5159	226.0
73.5364	236.0
73.5568	229.0
73.5773	205.0
73.5978	233.0
73.6183	192.0
73.6388	238.0
73.6592	213.0
73.6797	215.0
73.7002	237.0
73.7207	246.0
73.7412	262.0
73.7617	257.0
73.7821	297.0
73.8026	321.0
73.8231	309.0
73.8436	423.0
73.8641	432.0
73.8845	435.0
73.9050	450.0
73.9255	393.0
73.9460	403.0
73.9665	401.0
73.9870	436.0
74.0074	510.0
74.0279	488.0
74.0484	501.0
74.0689	482.0
74.0894	508.0
74.1098	573.0
74.1303	601.0
74.1508	712.0
74.1713	750.0
74.1918	742.0
74.2122	804.0
74.2327	851.0
74.2532	813.0
74.2737	944.0
74.2942	1228.0
74.3147	1221.0
74.3351	1246.0
74.3556	1093.0
74.3761	961.0
74.3966	777.0
74.4171	711.0
74.4375	624.0
74.4580	626.0
74.4785	599.0
74.4990	635.0
74.5195	777.0
74.5400	738.0
74.5604	648.0
74.5809	546.0
74.6014	457.0
74.6219	384.0
74.6424	332.0
74.6628	291.0
74.6833	312.0
74.7038	255.0
74.7243	247.0
74.7448	287.0
74.7652	270.0
74.7857	259.0
74.8062	255.0
74.8267	255.0
74.8472	221.0
74.8677	223.0
74.8881	228.0
74.9086	271.0
74.9291	250.0
74.9496	283.0
74.9701	297.0
74.9905	298.0
75.0110	353.0
75.0315	280.0
75.0520	259.0
75.0725	262.0
75.0930	259.0
75.1134	259.0
75.1339	249.0
75.1544	225.0
75.1749	243.0
75.1954	279.0
75.2158	283.0
75.2363	257.0
75.2568	234.0
75.2773	220.0
75.2978	217.0
75.3183	212.0
75.3387	226.0
75.3592	276.0
75.3797	216.0
75.4002	200.0
75.4207	225.0
75.4411	232.0
75.4616	200.0
75.4821	216.0
75.5026	202.0
75.5231	186.0
75.5435	182.0
75.5640	211.0
75.5845	181.0
75.6050	200.0
75.6255	166.0
75.6460	166.0
75.6664	195.0
75.6869	191.0
75.7074	177.0
75.7279	179.0
75.7484	169.0
75.7688	158.0
75.7893	170.0
75.8098	188.0
75.8303	191.0
75.8508	178.0
75.8713	164.0
75.8917	208.0
75.9122	213.0
75.9327	208.0
75.9532	208.0
75.9737	228.0
75.9941	263.0
76.0146	236.0
76.0351	245.0
76.0556	220.0
76.0761	249.0
76.0966	246.0
76.1170	246.0
76.1375	237.0
76.1580	224.0
76.1785	246.0
76.1990	279.0
76.2194	276.0
76.2399	309.0
76.2604	332.0
76.2809	332.0
76.3014	389.0
76.3218	473.0
76.3423	537.0
76.3628	554.0
76.3833	491.0
76.4038	463.0
76.4243	420.0
76.4447	452.0
76.4652	484.0
76.4857	545.0
76.5062	698.0
76.5267	728.0
76.5471	785.0
76.5676	696.0
76.5881	548.0
76.6086	526.0
76.6291	446.0
76.6496	408.0
76.6700	369.0
76.6905	373.0
76.7110	359.0
76.7315	433.0
76.7520	457.0
76.7724	424.0
76.7929	407.0
76.8134	374.0
76.8339	314.0
76.8544	264.0
76.8748	255.0
76.8953	221.0
76.9158	230.0
76.9363	217.0
76.9568	216.0
76.9773	183.0
76.9977	229.0
77.0182	187.0
77.0387	196.0
77.0592	185.0
77.0797	203.0
77.1001	162.0
77.1206	202.0
77.1411	183.0
77.1616	170.0
77.1821	169.0
77.2026	166.0
77.2230	198.0
77.2435	170.0
77.2640	162.0
77.2845	202.0
77.3050	191.0
77.3254	208.0
77.3459	174.0
77.3664	178.0
77.3869	166.0
77.4074	168.0
77.4279	183.0
77.4483	174.0
77.4688	169.0
77.4893	178.0
77.5098	171.0
77.5303	181.0
77.5507	182.0
77.5712	182.0
77.5917	215.0
77.6122	224.0
77.6327	223.0
77.6531	208.0
77.6736	236.0
77.6941	277.0
77.7146	274.0
77.7351	297.0
77.7556	291.0
77.7760	363.0
77.7965	461.0
77.8170	559.0
77.8375	622.0
77.8580	713.0
77.8784	705.0
77.8989	644.0
77.9194	580.0
77.9399	521.0
77.9604	576.0
77.9809	635.0
78.0013	634.0
78.0218	709.0
78.0423	611.0
78.0628	615.0
78.0833	599.0
78.1037	565.0
78.1242	452.0
78.1447	393.0
78.1652	376.0
78.1857	398.0
78.2061	450.0
78.2266	436.0
78.2471	471.0
78.2676	398.0
78.2881	351.0
78.3086	291.0
78.3290	315.0
78.3495	326.0
78.3700	312.0
78.3905	314.0
78.4110	304.0
78.4314	302.0
78.4519	285.0
78.4724	297.0
78.4929	314.0
78.5134	377.0
78.5339	453.0
78.5543	416.0
78.5748	377.0
78.5953	368.0
78.6158	325.0
78.6363	297.0
78.6567	295.0
78.6772	289.0
78.6977	245.0
78.7182	279.0
78.7387	288.0
78.7592	280.0
78.7796	287.0
78.8001	251.0
78.8206	257.0
78.8411	263.0
78.8616	255.0
78.8820	249.0
78.9025	251.0
78.9230	237.0
78.9435	259.0
78.9640	234.0
78.9844	253.0
79.0049	288.0
79.0254	351.0
79.0459	352.0
79.0664	406.0
79.0869	503.0
79.1073	525.0
79.1278	593.0
79.1483	552.0
79.1688	483.0
79.1893	389.0
79.2097	353.0
79.2302	318.0
79.2507	318.0
79.2712	293.0
79.2917	326.0
79.3122	355.0
79.3326	406.0
79.3531	419.0
79.3736	399.0
79.3941	325.0
79.4146	318.0
79.4350	284.0
79.4555	262.0
79.4760	226.0
79.4965	230.0
79.5170	194.0
79.5374	205.0
79.5579	220.0
79.5784	199.0
79.5989	179.0
79.6194	194.0
79.6399	181.0
79.6603	178.0
79.6808	160.0
79.7013	196.0
79.7218	162.0
79.7423	168.0
79.7627	162.0
79.7832	187.0
79.8037	179.0
79.8242	152.0
79.8447	183.0
79.8652	177.0
79.8856	192.0
79.9061	220.0
79.9266	212.0
79.9471	238.0
79.9676	234.0
79.9880	279.0
80.0085	330.0
80.0290	322.0
80.0495	381.0
80.0700	326.0
80.0905	285.0
80.1109	234.0
80.1314	255.0
80.1519	274.0
80.1724	240.0
80.1929	216.0
80.2133	229.0
80.2338	242.0
80.2543	281.0
80.2748	268.0
80.2953	258.0
80.3157	249.0
80.3362	211.0
80.3567	177.0
80.3772	198.0
80.3977	185.0
80.4182	174.0
80.4386	166.0
80.4591	153.0
80.4796	153.0
80.5001	158.0
80.5206	157.0
80.5410	161.0
80.5615	174.0
80.5820	171.0
80.6025	166.0
80.6230	153.0
80.6435	182.0
80.6639	154.0
80.6844	152.0
80.7049	196.0
80.7254	190.0
80.7459	205.0
80.7663	173.0
80.7868	169.0
80.8073	196.0
80.8278	233.0
80.8483	211.0
80.8688	179.0
80.8892	212.0
80.9097	207.0
80.9302	204.0
80.9507	192.0
80.9712	169.0
80.9916	179.0
81.0121	168.0
81.0326	207.0
81.0531	179.0
81.0736	199.0
81.0940	187.0
81.1145	158.0
81.1350	179.0
81.1555	205.0
81.1760	192.0
81.1965	186.0
81.2169	177.0
81.2374	224.0
81.2579	191.0
81.2784	183.0
81.2989	199.0
81.3193	229.0
81.3398	203.0
81.3603	279.0
81.3808	283.0
81.4013	228.0
81.4218	309.0
81.4422	318.0
81.4627	395.0
81.4832	465.0
81.5037	547.0
81.5242	556.0
81.5446	616.0
81.5651	603.0
81.5856	674.0
81.6061	605.0
81.6266	572.0
81.6470	627.0
81.6675	696.0
81.6880	814.0
81.7085	795.0
81.7290	827.0
81.7495	895.0
81.7699	904.0
81.7904	974.0
81.8109	1054.0
81.8314	1182.0
81.8519	1302.0
81.8723	1226.0
81.8928	1042.0
81.9133	955.0
81.9338	840.0
81.9543	711.0
81.9748	669.0
81.9952	601.0
82.0157	585.0
82.0362	575.0
82.0567	599.0
82.0772	666.0
82.0976	746.0
82.1181	685.0
82.1386	569.0
82.1591	461.0
82.1796	466.0
82.2001	390.0
82.2205	348.0
82.2410	313.0
82.2615	267.0
82.2820	296.0
82.3025	254.0
82.3229	242.0
82.3434	249.0
82.3639	228.0
82.3844	202.0
82.4049	204.0
82.4253	194.0
82.4458	226.0
82.4663	209.0
82.4868	181.0
82.5073	181.0
82.5278	191.0
82.5482	179.0
82.5687	166.0
82.5892	190.0
82.6097	192.0
82.6302	188.0
82.6506	169.0
82.6711	162.0
82.6916	170.0
82.7121	143.0
82.7326	174.0
82.7531	149.0
82.7735	173.0
82.7940	158.0
82.8145	171.0
82.8350	160.0
82.8555	169.0
82.8759	165.0
82.8964	166.0
82.9169	188.0
82.9374	195.0
82.9579	182.0
82.9783	199.0
82.9988	232.0
83.0193	238.0
83.0398	221.0
83.0603	177.0
83.0808	174.0
83.1012	186.0
83.1217	175.0
83.1422	202.0
83.1627	175.0
83.1832	185.0
83.2036	162.0
83.2241	178.0
83.2446	164.0
83.2651	213.0
83.2856	175.0
83.3061	185.0
83.3265	204.0
83.3470	217.0
83.3675	209.0
83.3880	205.0
83.4085	183.0
83.4289	202.0
83.4494	170.0
83.4699	213.0
83.4904	199.0
83.5109	194.0
83.5314	191.0
83.5518	212.0
83.5723	228.0
83.5928	219.0
83.6133	221.0
83.6338	224.0
83.6542	241.0
83.6747	245.0
83.6952	259.0
83.7157	217.0
83.7362	224.0
83.7566	281.0
83.7771	225.0
83.7976	255.0
83.8181	268.0
83.8386	308.0
83.8591	372.0
83.8795	421.0
83.9000	500.0
83.9205	636.0
83.9410	812.0
83.9615	872.0
83.9819	954.0
84.0024	863.0
84.0229	754.0
84.0434	656.0
84.0639	565.0
84.0844	487.0
84.1048	459.0
84.1253	525.0
84.1458	500.0
84.1663	559.0
84.1868	603.0
84.2072	750.0
84.2277	804.0
84.2482	703.0
84.2687	660.0
84.2892	543.0
84.3097	444.0
84.3301	352.0
84.3506	363.0
84.3711	332.0
84.3916	326.0
84.4121	329.0
84.4325	329.0
84.4530	342.0
84.4735	330.0
84.4940	322.0
84.5145	313.0
84.5349	281.0
84.5554	245.0
84.5759	250.0
84.5964	229.0
84.6169	249.0
84.6374	276.0
84.6578	305.0
84.6783	285.0
84.6988	277.0
84.7193	321.0
84.7398	378.0
84.7602	450.0
84.7807	552.0
84.8012	652.0
84.8217	754.0
84.8422	946.0
84.8627	990.0
84.8831	870.0
84.9036	791.0
84.9241	669.0
84.9446	554.0
84.9651	521.0
84.9855	534.0
85.0060	527.0
85.0265	512.0
85.0470	594.0
85.0675	654.0
85.0879	634.0
85.1084	740.0
85.1289	788.0
85.1494	708.0
85.1699	636.0
85.1904	613.0
85.2108	461.0
85.2313	471.0
85.2518	403.0
85.2723	382.0
85.2928	382.0
85.3132	352.0
85.3337	279.0
85.3542	314.0
85.3747	330.0
85.3952	262.0
85.4157	319.0
85.4361	280.0
85.4566	297.0
85.4771	247.0
85.4976	196.0
85.5181	238.0
85.5385	191.0
85.5590	204.0
85.5795	224.0
85.6000	181.0
85.6205	179.0
85.6410	212.0
85.6614	191.0
85.6819	179.0
85.7024	192.0
85.7229	145.0
85.7434	194.0
85.7638	175.0
85.7843	173.0
85.8048	177.0
85.8253	143.0
85.8458	154.0
85.8662	173.0
85.8867	160.0
85.9072	169.0
85.9277	178.0
85.9482	178.0
85.9687	175.0
85.9891	135.0
86.0096	191.0
86.0301	183.0
86.0506	137.0
86.0711	195.0
86.0915	148.0
86.1120	186.0
86.1325	171.0
86.1530	145.0
86.1735	165.0
86.1940	169.0
86.2144	149.0
86.2349	145.0
86.2554	162.0
86.2759	162.0
86.2964	175.0
86.3168	188.0
86.3373	154.0
86.3578	211.0
86.3783	225.0
86.3988	228.0
86.4192	225.0
86.4397	229.0
86.4602	168.0
86.4807	190.0
86.5012	186.0
86.5217	174.0
86.5421	188.0
86.5626	186.0
86.5831	190.0
86.6036	171.0
86.6241	199.0
86.6445	174.0
86.6650	188.0
86.6855	170.0
86.7060	185.0
86.7265	190.0
86.7470	171.0
86.7674	165.0
86.7879	164.0
86.8084	160.0
86.8289	168.0
86.8494	174.0
86.8698	191.0
86.8903	164.0
86.9108	183.0
86.9313	198.0
86.9518	181.0
86.9723	205.0
86.9927	212.0
87.0132	187.0
87.0337	224.0
87.0542	211.0
87.0747	219.0
87.0951	233.0
87.1156	220.0
87.1361	258.0
87.1566	238.0
87.1771	272.0
87.1975	295.0
87.2180	330.0
87.2385	360.0
87.2590	408.0
87.2795	442.0
87.3000	493.0
87.3204	580.0
87.3409	677.0
87.3614	730.0
87.3819	904.0
87.4024	1090.0
87.4228	1181.0
87.4433	1096.0
87.4638	948.0
87.4843	881.0
87.5048	685.0
87.5253	634.0
87.5457	624.0
87.5662	582.0
87.5867	571.0
87.6072	584.0
87.6277	610.0
87.6481	652.0
87.6686	698.0
87.6891	741.0
87.7096	716.0
87.7301	678.0
87.7505	590.0
87.7710	479.0
87.7915	397.0
87.8120	384.0
87.8325	342.0
87.8530	315.0
87.8734	327.0
87.8939	258.0
87.9144	267.0
87.9349	237.0
87.9554	230.0
87.9758	217.0
87.9963	243.0
88.0168	198.0
88.0373	241.0
88.0578	212.0
88.0783	186.0
88.0987	223.0
88.1192	183.0
88.1397	212.0
88.1602	185.0
88.1807	200.0
88.2011	183.0
88.2216	190.0
88.2421	207.0
88.2626	191.0
88.2831	194.0
88.3036	205.0
88.3240	198.0
88.3445	194.0
88.3650	217.0
88.3855	188.0
88.4060	213.0
88.4264	220.0
88.4469	225.0
88.4674	213.0
88.4879	264.0
88.5084	267.0
88.5288	262.0
88.5493	257.0
88.5698	275.0
88.5903	243.0
88.6108	237.0
88.6313	212.0
88.6517	200.0
88.6722	212.0
88.6927	230.0
88.7132	212.0
88.7337	213.0
88.7541	225.0
88.7746	237.0
88.7951	246.0
88.8156	300.0
88.8361	274.0
88.8566	207.0
88.8770	212.0
88.8975	230.0
88.9180	258.0
88.9385	262.0
88.9590	283.0
88.9794	300.0
88.9999	313.0
89.0204	352.0
89.0409	411.0
89.0614	359.0
89.0819	386.0
89.1023	300.0
89.1228	312.0
89.1433	263.0
89.1638	276.0
89.1843	356.0
89.2047	360.0
89.2252	372.0
89.2457	385.0
89.2662	429.0
89.2867	512.0
89.3071	546.0
89.3276	596.0
89.3481	598.0
89.3686	628.0
89.3891	554.0
89.4096	558.0
89.4300	501.0
89.4505	568.0
89.4710	559.0
89.4915	598.0
89.5120	539.0
89.5324	459.0
89.5529	429.0
89.5734	458.0
89.5939	461.0
89.6144	408.0
89.6349	442.0
89.6553	384.0
89.6758	380.0
89.6963	357.0
89.7168	338.0
89.7373	366.0
89.7577	374.0
89.7782	321.0
89.7987	312.0
89.8192	264.0
89.8397	257.0
89.8601	229.0
89.8806	220.0
89.9011	202.0
89.9216	194.0
89.9421	211.0
89.9626	188.0
89.9830	179.0
90.0035	204.0
90.0240	205.0
90.0445	187.0
90.0650	183.0
90.0854	177.0
90.1059	179.0
90.1264	177.0
90.1469	173.0
90.1674	158.0
90.1879	188.0
90.2083	179.0
90.2288	173.0
90.2493	187.0
90.2698	183.0
90.2903	185.0
90.3107	191.0
90.3312	194.0
90.3517	174.0
90.3722	203.0
90.3927	212.0
90.4132	209.0
90.4336	212.0
90.4541	207.0
90.4746	209.0
90.4951	226.0
90.5156	246.0
90.5360	229.0
90.5565	221.0
90.5770	240.0
90.5975	224.0
90.6180	221.0
90.6384	237.0
90.6589	230.0
90.6794	249.0
90.6999	277.0
90.7204	295.0
90.7409	321.0
90.7613	340.0
90.7818	356.0
90.8023	406.0
90.8228	501.0
90.8433	541.0
90.8637	571.0
90.8842	696.0
90.9047	793.0
90.9252	936.0
90.9457	838.0
90.9662	675.0
90.9866	565.0
91.0071	547.0
91.0276	526.0
91.0481	484.0
91.0686	534.0
91.0890	538.0
91.1095	562.0
91.1300	613.0
91.1505	720.0
91.1710	802.0
91.1914	965.0
91.2119	1050.0
91.2324	1051.0
91.2529	940.0
91.2734	993.0
91.2939	897.0
91.3143	958.0
91.3348	966.0
91.3553	1086.0
91.3758	1259.0
91.3963	1437.0
91.4167	1551.0
91.4372	1694.0
91.4577	1787.0
91.4782	1709.0
91.4987	1797.0
91.5192	1763.0
91.5396	1852.0
91.5601	1912.0
91.5806	1878.0
91.6011	1885.0
91.6216	1707.0
91.6420	1664.0
91.6625	1522.0
91.6830	1410.0
91.7035	1391.0
91.7240	1331.0
91.7445	1267.0
91.7649	1246.0
91.7854	1198.0
91.8059	1051.0
91.8264	1128.0
91.8469	1065.0
91.8673	1075.0
91.8878	1072.0
91.9083	1007.0
91.9288	886.0
91.9493	777.0
91.9697	687.0
91.9902	699.0
92.0107	607.0
92.0312	569.0
92.0517	534.0
92.0722	530.0
92.0926	554.0
92.1131	588.0
92.1336	590.0
92.1541	546.0
92.1746	499.0
92.1950	492.0
92.2155	483.0
92.2360	473.0
92.2565	565.0
92.2770	518.0
92.2975	558.0
92.3179	514.0
92.3384	599.0
92.3589	533.0
92.3794	503.0
92.3999	453.0
92.4203	452.0
92.4408	444.0
92.4613	382.0
92.4818	360.0
92.5023	369.0
92.5227	317.0
92.5432	355.0
92.5637	342.0
92.5842	332.0
92.6047	378.0
92.6252	408.0
92.6456	372.0
92.6661	313.0
92.6866	318.0
92.7071	297.0
92.7276	279.0
92.7480	280.0
92.7685	246.0
92.7890	245.0
92.8095	241.0
92.8300	204.0
92.8505	250.0
92.8709	238.0
92.8914	225.0
92.9119	212.0
92.9324	242.0
92.9529	225.0
92.9733	236.0
92.9938	198.0
93.0143	198.0
93.0348	224.0
93.0553	236.0
93.0758	216.0
93.0962	217.0
93.1167	242.0
93.1372	243.0
93.1577	232.0
93.1782	232.0
93.1986	240.0
93.2191	198.0
93.2396	219.0
93.2601	202.0
93.2806	202.0
93.3010	196.0
93.3215	223.0
93.3420	196.0
93.3625	224.0
93.3830	234.0
93.4035	225.0
93.4239	237.0
93.4444	295.0
93.4649	312.0
93.4854	312.0
93.5059	394.0
93.5263	424.0
93.5468	469.0
93.5673	410.0
93.5878	429.0
93.6083	376.0
93.6288	317.0
93.6492	285.0
93.6697	268.0
93.6902	219.0
93.7107	208.0
93.7312	246.0
93.7516	242.0
93.7721	274.0
93.7926	301.0
93.8131	297.0
93.8336	355.0
93.8541	355.0
93.8745	356.0
93.8950	317.0
93.9155	291.0
93.9360	281.0
93.9565	270.0
93.9769	268.0
93.9974	279.0
94.0179	260.0
94.0384	209.0
94.0589	230.0
94.0793	208.0
94.0998	217.0
94.1203	182.0
94.1408	242.0
94.1613	191.0
94.1818	219.0
94.2022	212.0
94.2227	196.0
94.2432	205.0
94.2637	194.0
94.2842	171.0
94.3046	204.0
94.3251	208.0
94.3456	220.0
94.3661	237.0
94.3866	212.0
94.4071	205.0
94.4275	208.0
94.4480	196.0
94.4685	232.0
94.4890	171.0
94.5095	186.0
94.5299	196.0
94.5504	177.0
94.5709	181.0
94.5914	166.0
94.6119	194.0
94.6323	158.0
94.6528	171.0
94.6733	168.0
94.6938	194.0
94.7143	208.0
94.7348	174.0
94.7552	181.0
94.7757	170.0
94.7962	179.0
94.8167	171.0
94.8372	190.0
94.8576	171.0
94.8781	182.0
94.8986	175.0
94.9191	174.0
94.9396	207.0
94.9601	160.0
94.9805	177.0
95.0010	202.0
95.0215	205.0
95.0420	185.0
95.0625	199.0
95.0829	186.0
95.1034	221.0
95.1239	198.0
95.1444	190.0
95.1649	198.0
95.1854	246.0
95.2058	229.0
95.2263	212.0
95.2468	213.0
95.2673	247.0
95.2878	213.0
95.3082	249.0
95.3287	249.0
95.3492	223.0
95.3697	268.0
95.3902	285.0
95.4106	312.0
95.4311	365.0
95.4516	382.0
95.4721	484.0
95.4926	571.0
95.5131	598.0
95.5335	751.0
95.5540	901.0
95.5745	996.0
95.5950	823.0
95.6155	800.0
95.6359	555.0
95.6564	507.0
95.6769	450.0
95.6974	473.0
95.7179	455.0
95.7384	455.0
95.7588	471.0
95.7793	496.0
95.7998	482.0
95.8203	475.0
95.8408	513.0
95.8612	554.0
95.8817	556.0
95.9022	491.0
95.9227	496.0
95.9432	424.0
95.9636	363.0
95.9841	323.0
96.0046	315.0
96.0251	304.0
96.0456	321.0
96.0661	272.0
96.0865	279.0
96.1070	276.0
96.1275	264.0
96.1480	236.0
96.1685	200.0
96.1889	209.0
96.2094	211.0
96.2299	202.0
96.2504	179.0
96.2709	145.0
96.2914	178.0
96.3118	178.0
96.3323	160.0
96.3528	175.0
96.3733	151.0
96.3938	154.0
96.4142	186.0
96.4347	151.0
96.4552	143.0
96.4757	147.0
96.4962	161.0
96.5167	162.0
96.5371	168.0
96.5576	178.0
96.5781	179.0
96.5986	170.0
96.6191	177.0
96.6395	186.0
96.6600	153.0
96.6805	179.0
96.7010	183.0
96.7215	188.0
96.7419	174.0
96.7624	165.0
96.7829	191.0
96.8034	171.0
96.8239	209.0
96.8444	226.0
96.8648	251.0
96.8853	232.0
96.9058	209.0
96.9263	296.0
96.9468	313.0
96.9672	343.0
96.9877	359.0
97.0082	372.0
97.0287	444.0
97.0492	463.0
97.0697	437.0
97.0901	428.0
97.1106	390.0
97.1311	305.0
97.1516	353.0
97.1721	321.0
97.1925	309.0
97.2130	270.0
97.2335	280.0
97.2540	280.0
97.2745	291.0
97.2949	283.0
97.3154	297.0
97.3359	355.0
97.3564	340.0
97.3769	356.0
97.3974	318.0
97.4178	309.0
97.4383	300.0
97.4588	259.0
97.4793	232.0
97.4998	230.0
97.5202	204.0
97.5407	179.0
97.5612	232.0
97.5817	199.0
97.6022	188.0
97.6227	233.0
97.6431	187.0
97.6636	179.0
97.6841	188.0
97.7046	203.0
97.7251	179.0
97.7455	190.0
97.7660	179.0
97.7865	165.0
97.8070	171.0
97.8275	199.0
97.8480	181.0
97.8684	183.0
97.8889	194.0
97.9094	194.0
97.9299	173.0
97.9504	154.0
97.9708	182.0
97.9913	190.0
98.0118	212.0
98.0323	183.0
98.0528	199.0
98.0732	182.0
98.0937	209.0
98.1142	194.0
98.1347	204.0
98.1552	198.0
98.1757	258.0
98.1961	237.0
98.2166	268.0
98.2371	318.0
98.2576	353.0
98.2781	349.0
98.2985	323.0
98.3190	344.0
98.3395	315.0
98.3600	300.0
98.3805	312.0
98.4010	319.0
98.4214	262.0
98.4419	272.0
98.4624	313.0
98.4829	323.0
98.5034	279.0
98.5238	264.0
98.5443	287.0
98.5648	262.0
98.5853	272.0
98.6058	270.0
98.6263	289.0
98.6467	285.0
98.6672	238.0
98.6877	258.0
98.7082	238.0
98.7287	205.0
98.7491	283.0
98.7696	229.0
98.7901	249.0
98.8106	226.0
98.8311	259.0
98.8515	223.0
98.8720	205.0
98.8925	220.0
98.9130	199.0
98.9335	205.0
98.9540	192.0
98.9744	238.0
98.9949	194.0
99.0154	162.0
99.0359	160.0
99.0564	200.0
99.0768	200.0
99.0973	204.0
99.1178	202.0
99.1383	186.0
99.1588	200.0
99.1793	187.0
99.1997	223.0
99.2202	185.0
99.2407	213.0
99.2612	215.0
99.2817	203.0
99.3021	198.0
99.3226	229.0
99.3431	200.0
99.3636	168.0
99.3841	212.0
99.4045	224.0
99.4250	199.0
99.4455	212.0
99.4660	230.0
99.4865	234.0
99.5070	274.0
99.5274	220.0
99.5479	243.0
99.5684	288.0
99.5889	275.0
99.6094	322.0
99.6298	351.0
99.6503	319.0
99.6708	369.0
99.6913	321.0
99.7118	335.0
99.7323	340.0
99.7527	365.0
99.7732	429.0
99.7937	372.0
99.8142	376.0
99.8347	393.0
99.8551	404.0
99.8756	342.0
99.8961	395.0
99.9166	416.0
99.9371	406.0
99.9576	450.0
99.9780	508.0
99.9985	614.0
